15277109115
13617773199
13877763768
13367778581
15757826472
18858003580
18291826587
18905651008
13930528111
13892550355
13623175919
13082397775
13933008367
15156577320
13874585676
13898888321
13638623663
18516320611
18856136999
18832136599
13815039370
13703106542
13834141135
18972709189
15980502515
15231908877
18132920079
18055159975
15835332668
15033763358
18509992524
13961391412
15029112511
13753111989
18232715832
15025975588
13732956123
18338109829
17706781086
15695950205
13940247573
15830004002
13636024618
13363012216
13290697177
13956597150
13303299535
13569622225
13722277419
13012050110
15807955160
18607953369
18539802627
13753406281
13842499299
18997900276
15336208959
13878751068
13780267622
13617881508
15931520751
13833397245
13834563669
13474630309
15100704559
18015007688
13951223128
18700391979
18831599369
15691106988
15081606209
13407110746
13832417770
15324118269
18805908577
13330050521
13572116556
13599920705
13911441245
15184534448
15733200668
15102933678
13930808048
18834842042
18376173657
13834637145
18132730290
13401632017
13762209897
15319970016
18609152216
13966390266
13787720198
15103318558
13384966707
13757725900
15927513510
13152095535
15951204331
13131670077
13203586684
15256037090
15155926642
13283235988
13319651058
13332314095
13363959096
13131267936
18726906697
13463798569
18961110006
13554601560
13574056718
15803405879
13604808600
13605656111
13607320305
15075503305
13803136003
15367118793
13987662345
13991949116
15994974730
15833777367
13767120524
13709931055
13731660369
13722251115
15325920810
13797806128
13806731708
13826377328
13827378968
13828303009
13828357353
13832686827
13834201916
18045060556
13875254229
13902883936
18049419434
15529909026
13931709916
18633839982
18633839982
13957997317
18577169956
18759175613
13930907773
13861286490
17731939979
13932785690
15200516972
18055418358
15389438075
13841299787
15292392175
15029626186
18999738943
15074572168
15156013523
13779536178
18609991731
15117777777
18992676005
13784330808
13572742882
13582822088
13292113012
15605512968
15391530716
15930007866
18505621165
18629518288
18832657518
15532761300
15572016777
15130760318
15100100205
18166233516
13407817566
18788830913
18973239881
13645231603
13196703265
18717669161
15802748896
13872299235
15133509968
15869905330
13417060054
15934047081
15950732355
13513385866
13786413210
13343356773
18674585629
15319193788
13579955532
